19 19 19 19 19 18 19 17 17 19 19 19 19 18 19 16 16 16 16 16 16 16 16 16 16 16 16 16 16 16 16 19 18 19 19 19 18 19 19 16 16 16 16 16 16 16 16 16 16 16 
19 17 19 19 17 19 19 17 19 19 19 17 19 19 19 16 16 16 16 16 16 0 1 1 1 1 2 16 16 16 16 19 19 19 19 18 18 19 16 16 16 16 16 16 16 16 16 16 16 16 
17 19 19 19 17 19 19 19 19 19 19 19 19 16 16 16 16 16 16 16 16 20 21 21 21 60 42 16 16 16 19 19 18 19 19 19 19 16 16 16 9 10 10 11 16 16 16 16 16 16 
19 19 17 19 19 19 19 19 18 19 19 16 16 16 16 16 16 16 16 0 1 81 21 21 60 42 16 16 16 16 19 19 18 19 19 19 16 16 16 16 29 30 30 31 16 16 16 16 16 16 
18 19 17 19 19 16 16 16 16 16 16 16 16 16 16 16 16 16 0 81 21 21 21 60 42 16 16 16 16 16 16 19 19 19 16 16 16 16 16 16 49 71 50 51 16 16 16 16 16 16 
19 19 19 16 16 16 16 16 16 16 166 167 168 16 16 16 16 0 81 21 21 60 41 42 16 16 16 16 16 16 16 16 16 16 16 16 16 16 16 16 16 16 16 16 16 16 16 16 16 16 
16 16 16 16 16 16 16 16 16 16 169 170 171 16 16 16 0 81 21 21 21 22 16 16 16 16 16 16 16 16 16 16 16 172 173 174 16 16 16 16 16 16 16 16 0 1 1 2 16 16 
16 16 16 16 0 1 2 16 16 16 161 16 162 16 16 16 20 21 21 60 41 42 16 16 16 16 16 16 16 16 16 16 16 175 176 177 16 16 16 16 16 16 16 16 20 21 185 22 16 16 
16 16 16 16 20 21 22 16 16 16 163 164 165 16 16 16 40 61 60 42 16 16 16 16 16 0 1 1 1 2 16 16 16 162 19 162 16 16 16 16 16 16 16 0 81 21 21 22 16 16 
16 16 16 16 20 21 80 1 1 1 1 1 1 1 2 16 16 20 22 16 16 0 1 1 1 81 21 21 21 22 16 16 16 163 164 165 16 16 16 16 16 16 0 81 21 21 60 42 16 16 
16 16 16 16 40 41 61 21 21 21 21 21 21 21 80 1 1 81 80 1 1 81 21 21 21 21 21 21 21 80 1 1 1 1 1 2 16 16 16 16 16 0 81 21 21 21 22 16 16 16 
16 16 16 16 16 16 40 61 21 21 21 21 21 21 21 21 21 21 21 21 21 21 21 21 21 21 21 21 21 60 41 61 21 21 21 80 1 2 16 16 0 81 21 21 21 60 42 16 16 16 
16 16 16 16 16 16 16 40 41 41 41 41 61 21 21 21 21 21 21 21 21 21 60 41 41 41 41 41 41 42 16 40 41 61 21 21 21 80 1 1 81 21 21 21 60 42 16 16 16 16 
16 16 16 16 16 16 16 16 16 16 16 16 40 41 61 21 21 21 21 60 41 41 42 16 16 16 16 16 16 16 16 16 16 20 21 21 21 21 21 21 21 21 21 60 42 16 16 16 16 16 
19 19 19 19 16 16 16 16 16 16 16 16 16 16 40 61 21 21 21 22 16 16 16 16 16 16 16 16 16 16 16 16 16 40 41 41 61 21 21 21 21 21 60 42 16 16 16 16 16 16 
18 19 19 19 19 19 19 16 16 16 16 16 16 16 16 20 21 21 21 22 16 16 16 16 16 16 16 16 16 16 16 16 16 16 16 16 40 61 21 21 21 60 42 16 16 16 16 16 16 16 
19 19 17 17 19 19 19 19 19 16 16 16 16 16 16 40 61 21 60 42 16 16 16 16 16 16 16 16 16 16 16 16 16 16 16 16 16 40 41 41 41 42 16 16 16 16 16 16 16 16 
19 19 19 18 19 17 17 19 19 16 16 16 16 16 16 16 40 61 22 16 16 16 16 16 16 16 16 16 16 16 16 16 16 16 16 16 16 16 16 16 16 16 16 16 16 16 16 16 16 16 
19 19 19 19 19 17 19 19 19 16 16 16 16 16 16 16 16 20 22 16 16 16 16 16 16 16 19 19 18 19 19 19 17 16 16 16 16 16 16 16 16 16 16 16 16 16 16 16 16 16 
19 19 17 19 19 18 18 19 16 16 16 16 16 16 16 16 16 20 80 2 16 16 16 16 16 19 19 19 19 19 19 19 19 16 16 16 16 16 16 178 179 180 16 16 16 16 16 16 16 16 
18 19 17 19 19 19 16 16 16 16 16 16 16 16 16 16 0 81 21 22 16 16 16 16 19 19 17 17 19 19 19 17 19 16 16 16 16 16 16 181 182 183 16 16 16 16 16 16 16 16 
19 17 19 16 16 16 16 16 16 16 16 16 16 16 0 1 81 21 21 22 16 16 16 16 19 19 19 19 19 17 18 18 19 16 16 16 16 16 16 161 19 162 16 16 16 16 16 16 16 16 
19 19 16 16 16 16 16 16 16 16 16 16 16 0 81 21 21 21 60 42 16 16 16 16 19 17 18 19 19 19 19 16 16 16 16 16 16 16 16 163 164 165 16 16 16 16 16 16 16 16 
19 16 16 16 16 16 178 179 180 16 16 16 0 81 21 21 21 60 42 16 16 16 16 16 19 18 19 19 16 16 16 16 16 16 16 16 0 1 1 1 1 1 1 1 1 1 1 1 1 1 
16 16 16 16 16 16 181 182 183 16 16 0 81 21 21 21 60 42 16 16 16 16 16 16 16 16 16 16 16 16 16 16 16 16 16 0 81 21 21 21 21 21 21 21 21 21 21 21 21 21 
16 16 16 16 16 16 161 19 162 16 0 81 21 21 60 41 42 16 16 16 16 16 16 16 16 16 16 16 16 16 16 16 16 0 1 81 21 21 60 41 41 41 41 41 41 41 41 41 41 41 
16 16 16 16 16 16 163 164 165 0 81 21 21 60 42 16 16 16 16 16 16 16 172 173 174 16 16 16 16 16 16 16 0 81 21 21 60 41 42 16 16 16 16 16 16 16 16 16 16 16 
16 16 16 16 16 0 1 1 1 81 21 21 21 22 16 16 16 16 16 16 16 16 175 176 177 16 16 16 16 16 0 1 81 21 21 60 42 16 16 16 16 16 16 16 16 16 16 16 16 19 
16 16 16 0 1 81 21 21 21 21 21 21 21 22 16 16 16 16 16 16 16 16 161 19 162 16 16 16 16 0 81 21 21 21 60 42 16 16 16 16 16 16 16 16 16 19 19 19 19 19 
16 0 1 81 21 21 21 21 21 21 21 21 60 42 16 16 16 16 16 16 16 16 163 164 165 16 16 16 16 20 21 21 21 60 42 16 16 16 16 16 16 16 19 19 19 19 19 17 17 19 
16 20 21 21 21 21 21 21 21 21 21 21 22 16 16 16 16 16 16 16 16 0 1 1 1 1 1 1 1 81 21 21 60 42 16 16 16 16 16 16 16 19 19 19 19 19 19 19 18 19 
16 40 41 41 41 41 41 41 41 41 61 21 80 1 1 1 1 1 1 1 1 81 21 21 21 21 21 21 21 21 21 60 42 16 16 16 16 16 16 16 19 19 19 17 18 19 19 17 19 19 
16 16 16 16 16 16 16 16 16 16 40 41 61 21 21 21 21 21 21 21 21 21 21 21 21 21 21 21 21 21 21 22 16 16 16 16 16 16 16 16 19 18 19 19 19 19 19 17 17 19 
16 16 16 16 16 16 16 16 16 16 16 16 20 21 21 21 21 21 21 21 21 60 41 41 41 41 41 41 41 61 60 42 16 16 16 16 16 16 16 16 19 19 19 17 19 19 19 19 19 19 
16 16 16 19 19 19 19 16 16 16 16 16 20 21 21 21 21 21 21 21 60 42 16 16 16 16 16 16 16 20 22 16 16 16 16 16 16 16 16 16 16 19 19 17 17 19 18 17 19 19 
16 19 19 19 17 18 19 16 16 16 16 0 81 21 21 21 60 41 41 41 42 16 16 16 16 16 16 16 16 20 80 2 16 16 16 16 16 16 16 16 16 16 18 19 19 19 17 19 17 18 
19 19 19 17 17 19 16 16 16 16 0 81 21 21 60 41 42 16 16 16 16 16 16 16 16 16 16 16 16 20 21 80 1 2 16 16 16 16 16 16 16 16 16 19 19 19 19 17 19 19 
19 19 19 19 19 16 16 16 16 0 81 21 21 60 42 16 16 16 16 16 16 16 16 16 16 16 16 16 16 40 61 21 21 80 2 16 16 16 16 16 16 16 16 16 16 16 16 19 19 19 
19 17 18 19 16 16 16 16 16 20 21 21 60 42 16 16 16 16 16 16 16 16 16 16 16 16 16 16 16 16 40 61 21 21 80 2 16 16 16 16 16 16 16 16 16 16 16 16 16 16 
19 17 19 19 16 16 16 16 0 81 21 60 42 16 16 16 16 16 16 16 16 16 16 16 16 133 134 135 16 16 16 40 61 21 21 80 2 16 16 16 16 16 16 16 16 16 16 16 16 16 
17 19 19 16 16 16 16 0 81 21 21 22 16 16 16 16 16 16 16 16 16 16 16 16 16 136 137 138 16 16 16 16 40 61 21 21 22 16 16 16 16 16 16 16 16 16 16 16 16 16 
19 19 19 16 16 16 16 20 21 21 60 42 16 16 16 16 16 16 16 16 16 16 16 16 16 139 140 141 16 16 16 16 16 40 41 41 42 16 16 16 16 16 16 16 16 16 16 16 16 16 
18 17 18 19 16 16 16 20 21 60 42 16 16 16 16 16 16 16 16 16 16 16 16 16 16 16 16 16 16 16 16 16 16 16 16 16 16 16 16 76 39 39 39 39 39 39 39 39 77 16 
19 19 19 19 16 16 16 40 41 42 16 16 16 16 16 16 16 16 16 16 16 16 16 16 16 16 16 16 16 16 16 16 16 16 16 16 16 16 16 38 111 123 17 17 17 17 111 123 38 16 
16 16 16 16 16 16 16 16 16 16 16 16 16 16 16 16 16 16 16 16 16 16 16 16 16 16 16 16 16 16 16 16 16 16 16 16 16 16 16 38 105 118 111 112 112 123 105 118 38 16 
16 16 16 16 16 16 16 16 16 16 16 16 16 16 16 16 16 19 19 19 19 19 19 19 19 19 16 16 16 16 16 16 16 16 16 16 16 16 16 38 103 104 105 106 106 118 103 104 38 16 
16 16 16 16 16 16 16 16 16 16 16 16 16 16 16 19 19 19 19 18 17 19 17 17 19 19 19 19 16 16 16 16 16 16 16 16 16 16 16 38 103 104 103 102 102 104 103 104 38 16 
16 16 16 16 16 16 16 16 16 16 16 16 19 19 17 19 19 19 19 17 19 19 19 19 19 19 17 19 19 19 19 19 16 16 16 16 16 16 16 38 103 104 103 115 117 104 103 104 38 16 
16 16 16 16 16 16 16 16 16 16 16 19 19 19 19 17 19 19 19 19 19 17 17 19 18 19 19 19 18 19 19 19 19 16 16 16 16 16 16 38 103 104 103 101 113 104 103 104 38 16 
16 16 16 16 16 16 16 16 16 16 16 19 19 19 19 18 19 19 19 19 18 19 19 19 19 19 17 19 19 18 19 19 19 19 19 16 16 16 16 38 17 17 17 20 22 17 17 17 38 16 
