16 16 16 16 16 16 16 16 16 16 16 16 16 16 16 16 16 16 16 16 16 16 16 16 16 16 16 16 16 16 16 16 16 16 16 16 16 16 16 16 16 16 16 16 16 16 16 16 16 16 
16 16 16 16 16 16 19 19 19 19 19 19 16 16 16 16 16 16 16 16 16 16 16 16 16 16 16 16 16 16 16 16 16 19 19 19 19 19 19 63 19 19 19 19 19 16 16 16 16 16 
16 16 16 16 16 35 19 19 18 19 19 19 57 19 16 16 16 16 16 16 16 16 16 16 16 16 16 16 19 63 19 19 18 18 19 19 17 19 19 19 19 19 19 19 19 17 16 16 16 16 
16 16 16 19 19 19 19 19 19 19 19 19 57 19 19 19 16 16 16 16 16 16 16 16 16 16 19 19 19 19 19 19 18 19 19 19 19 19 19 19 18 18 19 19 19 19 19 16 16 16 
16 16 16 64 19 18 19 19 17 64 16 16 19 19 17 19 19 16 16 16 16 16 16 16 19 19 19 19 19 19 19 17 17 19 19 19 16 16 16 16 16 19 19 19 19 19 19 19 16 16 
16 16 16 19 19 19 19 19 18 16 16 16 16 19 19 19 19 16 16 16 16 16 16 19 19 19 19 17 19 19 17 17 19 19 16 16 16 16 16 16 16 16 16 19 19 19 18 19 16 16 
16 16 16 16 19 17 19 19 16 16 16 16 16 16 19 18 19 19 16 16 16 16 19 63 19 18 19 19 19 19 19 19 16 16 16 12 92 13 13 13 14 16 16 16 19 19 19 63 16 16 
16 16 16 16 16 19 19 16 16 16 16 16 16 16 19 19 19 64 16 16 16 16 19 19 19 19 19 19 19 17 63 16 16 16 16 32 33 33 33 33 34 16 16 16 19 17 19 19 16 16 
16 16 16 16 16 57 57 16 16 16 16 16 16 16 16 19 17 19 16 16 16 16 16 19 17 19 18 19 19 19 16 16 16 16 16 52 53 74 53 74 54 16 16 16 19 19 19 19 16 16 
16 16 16 16 16 19 17 19 16 16 16 16 16 19 19 19 19 19 19 16 16 16 16 19 19 19 19 19 19 16 16 16 16 16 16 16 16 16 16 16 16 16 16 19 19 19 18 19 16 16 
16 16 16 16 16 19 19 19 16 16 16 16 19 19 19 19 19 19 19 19 16 16 16 16 19 19 19 19 19 16 16 16 16 16 16 16 16 16 16 16 16 19 63 19 19 19 17 19 16 16 
16 16 16 16 16 35 17 19 19 16 16 19 19 19 18 18 19 19 18 19 19 16 16 16 16 57 57 19 19 16 16 16 16 16 16 16 16 19 19 19 19 17 17 19 17 19 19 19 16 16 
16 16 16 16 16 16 19 18 19 19 19 19 19 19 17 19 64 19 17 19 19 19 57 19 19 19 19 16 16 16 16 16 16 16 16 16 19 19 19 19 17 17 18 19 19 19 19 16 16 16 
16 16 16 16 16 16 19 19 19 19 19 19 18 19 19 19 19 19 19 19 19 19 57 19 19 19 19 16 16 16 16 16 16 16 16 19 19 19 17 19 17 19 19 19 19 19 16 16 16 16 
16 16 16 16 16 16 16 16 19 64 17 16 16 16 16 16 16 16 16 16 16 16 16 19 19 19 16 16 16 16 16 16 16 16 16 19 19 18 19 19 19 19 19 17 19 16 16 16 16 16 
16 16 16 16 16 16 16 16 16 16 16 16 16 16 16 16 16 16 16 16 16 16 16 19 19 16 16 16 16 16 16 16 16 16 16 16 19 19 19 19 16 19 19 35 16 16 16 16 16 16 
16 16 16 16 16 16 16 16 16 16 16 16 16 16 16 16 16 16 16 16 19 19 19 19 19 19 19 19 16 16 16 16 16 16 16 16 19 19 19 19 16 16 16 16 16 16 16 16 16 16 
16 16 16 16 16 16 16 16 16 16 16 16 16 16 19 19 19 19 19 19 19 19 19 19 19 19 19 19 19 19 19 19 16 16 16 16 16 19 19 19 19 16 16 16 16 16 16 16 16 16 
16 16 16 16 16 16 19 19 19 18 19 19 64 19 19 19 17 19 19 19 19 19 19 18 17 19 19 19 19 63 19 19 19 19 16 16 16 16 16 57 57 19 19 19 19 19 16 16 16 16 
16 16 16 16 16 19 19 19 19 19 19 19 19 17 17 17 17 19 17 19 19 19 17 17 19 19 19 19 19 19 17 19 19 19 19 16 16 16 16 19 19 19 19 19 18 19 16 16 16 16 
16 16 16 16 35 19 19 19 19 19 19 19 19 19 19 19 19 18 19 19 17 17 19 19 19 19 17 19 19 19 17 17 19 19 19 19 19 16 16 16 19 19 17 19 19 19 63 19 16 16 
16 16 16 16 19 19 19 19 19 19 19 18 19 17 19 19 19 19 17 19 19 19 19 19 19 19 19 19 19 19 18 19 19 18 19 19 63 19 16 16 16 19 17 19 19 17 17 18 16 16 
16 16 16 19 19 18 19 19 19 19 19 19 19 17 19 19 19 19 19 19 16 16 16 16 16 16 35 19 19 19 19 19 19 19 17 19 19 19 16 16 16 16 19 19 18 19 19 19 16 16 
16 16 16 64 19 17 19 19 18 19 19 19 19 19 64 19 19 16 16 16 16 16 16 16 16 16 16 16 16 16 19 19 19 19 19 19 19 19 19 16 16 16 19 19 19 17 17 19 16 16 
16 16 16 19 19 17 17 19 19 19 19 19 19 19 19 16 16 16 16 16 3 4 4 4 5 16 16 16 16 16 16 16 16 19 19 17 19 19 19 16 16 16 19 19 17 17 19 16 16 16 
16 16 16 16 19 19 17 19 18 19 19 19 16 16 16 16 16 3 4 4 99 24 24 24 98 5 16 16 16 16 16 16 16 16 19 19 19 18 19 16 16 16 16 63 19 15 19 16 16 16 
16 16 16 16 16 19 19 19 19 19 17 16 16 16 16 16 16 23 24 24 24 24 24 24 24 25 16 16 16 16 16 16 16 19 19 19 17 19 19 16 16 16 16 16 16 16 16 16 16 16 
16 16 16 16 16 16 64 19 19 19 17 16 16 16 16 16 16 23 24 24 24 24 24 24 24 25 16 16 16 16 16 16 19 19 17 17 63 19 19 19 16 16 16 16 16 16 16 16 16 16 
16 16 16 16 16 16 16 19 19 18 19 16 16 16 16 16 16 43 79 24 24 24 24 78 44 45 16 16 16 16 19 19 19 19 19 19 19 19 57 57 19 16 16 16 16 16 16 16 16 16 
16 16 16 16 16 16 16 19 19 19 19 16 16 16 16 16 16 16 43 44 44 44 44 45 16 16 16 16 16 19 57 57 19 19 16 16 16 16 19 19 19 19 19 16 16 16 16 16 16 16 
16 16 16 16 16 16 16 16 16 57 57 19 19 19 19 16 16 16 16 16 16 16 16 16 16 16 19 19 19 19 19 19 16 16 16 16 16 19 19 19 19 18 19 19 19 16 16 16 16 16 
16 16 16 16 16 16 16 16 16 19 19 19 19 19 19 19 19 19 19 16 16 16 16 16 19 19 19 19 17 19 19 16 16 16 16 19 19 18 17 17 19 19 19 19 19 19 19 16 16 16 
16 16 16 16 16 16 16 16 16 16 19 19 19 19 18 19 17 19 19 19 19 16 16 19 63 19 19 19 17 19 16 16 16 16 16 19 17 19 19 19 19 19 17 17 17 19 19 19 16 16 
16 16 16 16 16 16 16 16 16 16 16 19 17 64 19 19 17 64 19 19 19 16 19 19 17 17 18 19 19 16 16 16 16 16 16 19 19 17 19 17 19 19 19 19 19 19 19 19 16 16 
16 16 9 90 10 10 11 16 16 16 16 19 17 19 19 19 19 19 19 19 19 19 19 19 19 19 19 19 17 16 16 16 16 16 16 19 19 19 19 19 18 19 62 19 19 18 19 19 16 16 
16 16 29 30 30 30 31 16 16 16 16 19 19 18 19 19 19 18 19 19 17 19 19 88 19 88 19 19 63 16 16 16 16 16 16 16 133 134 135 19 19 17 19 19 19 19 17 19 16 16 
16 16 49 71 50 71 51 16 16 16 16 19 19 19 19 19 17 19 19 17 17 17 19 88 88 19 19 17 19 16 16 16 16 16 16 16 136 137 138 19 62 17 142 19 62 19 17 19 16 16 
16 16 49 50 69 50 51 16 16 16 16 19 17 19 19 19 19 19 19 19 19 19 19 19 17 88 19 19 19 16 16 16 16 16 16 16 139 140 141 19 19 19 19 19 17 19 19 19 16 16 
16 16 16 16 16 16 16 16 16 16 19 19 19 19 19 18 19 17 64 16 16 16 16 19 88 19 16 16 16 16 16 16 16 16 16 16 16 19 19 19 18 19 62 19 19 17 17 19 16 16 
16 16 16 16 16 16 16 16 16 19 57 57 19 19 19 19 19 19 16 16 16 16 16 88 19 19 16 16 16 16 16 16 16 16 16 16 16 16 19 19 19 19 17 19 19 17 19 16 16 16 
16 16 16 16 16 16 16 16 19 19 19 19 16 16 16 16 16 16 16 16 16 16 16 88 88 17 16 16 16 16 16 16 16 16 16 16 16 16 16 35 19 19 17 18 19 19 19 16 16 16 
16 16 16 16 16 16 19 19 19 19 16 16 16 16 16 16 16 16 16 16 16 16 16 19 88 17 16 16 16 16 16 16 16 16 16 16 16 16 16 16 16 19 19 19 19 16 16 16 16 16 
16 16 16 19 19 64 19 18 19 16 16 16 16 16 16 16 16 16 16 16 16 16 16 19 19 88 16 16 16 16 16 16 16 16 16 16 16 16 16 16 16 16 16 16 16 16 16 16 16 16 
16 16 19 19 19 19 19 19 19 16 16 16 16 16 16 16 16 16 16 16 126 16 16 0 1 2 16 16 16 16 16 16 16 16 9 10 11 16 3 5 16 16 3 4 5 16 16 16 16 16 
16 19 19 19 18 19 17 17 19 16 16 16 16 16 16 16 16 16 16 127 128 129 16 20 21 22 16 16 16 16 16 16 16 16 29 30 31 3 99 98 4 4 99 24 98 5 16 16 16 16 
16 19 19 17 19 19 19 17 17 64 19 16 16 16 16 16 16 16 16 130 131 132 16 20 21 22 16 16 16 16 16 16 16 16 49 71 51 23 24 24 24 24 24 24 24 98 4 4 4 4 
16 16 19 19 64 19 18 19 19 19 17 19 16 16 16 16 16 16 16 19 88 17 16 20 21 22 16 16 16 16 16 16 16 16 16 16 16 23 24 24 24 24 24 24 24 24 24 24 24 24 
16 16 16 16 19 19 19 19 19 19 17 19 16 16 16 16 16 16 16 18 19 88 19 20 21 22 16 16 16 16 16 16 16 3 4 4 4 99 24 24 24 24 24 24 24 24 24 24 24 24 
16 16 16 16 16 16 16 19 19 35 19 16 16 16 16 16 16 16 16 16 17 19 19 20 21 22 16 16 16 16 16 16 16 23 24 24 24 24 24 24 24 24 24 24 24 24 24 24 24 24 
16 16 16 16 16 16 16 16 16 16 16 16 16 16 16 16 16 16 16 16 16 16 16 20 21 22 16 16 16 16 16 16 3 99 24 24 24 24 24 24 24 24 24 24 24 24 24 24 24 24